1 
50 50 20 
3 
30 30 90 
60 60 80 
10 90 100 
3 
30 30 90 
60 60 80 
10 90 10 
96
30 30 90 
40 20 20 
60 90 20 
70 30 90 
30 20 80 
10 60 70 
30 80 90 
60 60 80 
10 90 50 
50 60 40 
30 20 50 
10 50 10 
30 32 30 
10 63 10 
10 95 10 
70 30 90 
30 20 80 
10 60 70 
30 80 90 
60 60 80 
10 90 50 
30 60 90 
10 90 50 
10 33 70
30 30 90 
40 20 20 
60 90 20 
70 30 90 
30 20 80 
10 60 70 
30 80 90 
60 60 80 
10 90 50 
30 60 90 
30 20 50 
10 50 10 
30 32 30 
10 63 10 
10 95 10 
70 30 90 
30 20 80 
10 60 70 
30 80 90 
60 60 80 
10 90 50 
30 60 90 
10 90 50 
10 33 70
30 30 90 
40 20 20 
60 90 20 
70 30 90 
30 20 80 
10 60 70 
30 80 90 
60 60 80 
10 90 50 
50 60 40 
30 20 50 
10 50 10 
30 32 30 
10 63 10 
10 95 10 
70 30 90 
30 20 80 
10 60 70 
30 80 90 
60 60 80 
10 90 50 
30 60 90 
10 90 50 
10 33 70
30 30 90 
40 20 20 
60 90 20 
70 30 90 
30 20 80 
10 60 70 
30 80 90 
60 60 80 
10 90 50 
30 60 90 
30 20 50 
10 50 10 
30 32 30 
10 63 10 
10 95 10 
70 30 90 
30 20 80 
10 60 70 
30 80 90 
60 60 80 
10 90 50 
30 60 90 
10 90 50 
10 33 70
0
